   0.00000000       0.00000000    
  0.200000003      0.198669329    
  0.300000012      0.295520216    
  0.400000006      0.389418334    
  0.500000000      0.479425550    
  0.600000024      0.564642489    
  0.699999988      0.644217670    
  0.800000012      0.717356086    
  0.900000036      0.783326924    
   1.00000000      0.841470957    
   1.10000002      0.891207397    
   1.20000005      0.932039082    
   1.30000007      0.963558197    
   1.39999998      0.985449731    
   1.50000000      0.997494996    
   1.60000002      0.999573588    
   1.70000005      0.991664827    
   1.80000007      0.973847628    
   1.89999998      0.946300089    
   2.00000000      0.909297407    
